autoinc=0 
savedata=0 
mpafmt=asc
sephead=1 
fmt=asc
mpacaluse=0
smoothpts=5 
;[ADC1]
REPORT-FILE from 05/03/2022 10:33:00.089 - 10:41:20.153  written 05/03/2022 11:02:51
REALTIME: 500.054     
TOTALSUM: 75820       
ROISUM: 75820       
MAXVAL: 1618        
cmline0=05/03/2022 10:33:00.089 - 10:41:20.153 
cmline1=a_1
;datname=D:\176Lu.asc
range=8192
roipreset=1.000000
roimin=1
roimax=8192
caloff=0.000000
calfact=1.000000
calfact2=0
calfact3=0
calunit=
caluse=0 
